100.000000,0.000000
99.984766,1.745467
99.939067,3.490402
99.862918,5.234274
99.756342,6.976550
99.619371,8.716701
99.452048,10.454197
99.254422,12.188507
99.026555,13.919103
98.768515,15.645458
98.480382,17.367046
98.162243,19.083343
97.814195,20.793825
97.436345,22.497972
97.028806,24.195264
96.591704,25.885183
96.125171,27.567216
95.629351,29.240850
95.104393,30.905574
94.550458,32.560881
93.967714,34.206267
93.356339,35.841232
92.716520,37.465275
92.048451,39.077904
91.352337,40.678626
90.628388,42.266954
89.876825,43.842403
89.097878,45.404494
88.291784,46.952751
87.458789,48.486702
86.599146,50.005879
85.713117,51.509821
84.800972,52.998068
83.862989,54.470167
82.899454,55.925669
81.910661,57.364132
80.896911,58.785116
79.858512,60.188189
78.795781,61.572924
77.709042,62.938898
76.598625,64.285695
75.464870,65.612905
74.308122,66.920124
73.128733,68.206953
71.927063,69.472999
70.703477,70.717879
69.458348,71.941211
68.192057,73.142624
66.904988,74.321751
65.597534,75.478233
64.270093,76.611717
62.923069,77.721859
61.556874,78.808320
60.171923,79.870769
58.768638,80.908882
57.347447,81.922343
55.908784,82.910843
54.453085,83.874082
52.980795,84.811764
51.492362,85.723606
49.988240,86.609329
48.468888,87.468662
46.934767,88.301345
45.386346,89.107124
43.824097,89.885753
42.248494,90.636994
40.660019,91.360620
39.059155,92.056409
37.446391,92.724149
35.822217,93.363637
34.187128,93.974679
32.541623,94.557087
30.886203,95.110685
29.221372,95.635304
27.547637,96.130784
25.865510,96.596974
24.175501,97.033732
22.478126,97.440925
20.773903,97.818429
19.063350,98.166128
17.346988,98.483917
15.625341,98.771700
13.898934,99.029388
12.168291,99.256903
10.433941,99.454175
8.696412,99.621144
6.956233,99.757761
5.213934,99.863982
3.470047,99.939776
1.725103,99.985119
-0.020367,99.999998
-1.765831,99.984408
-3.510757,99.938354
-5.254613,99.861850
-6.996868,99.754919
-8.736991,99.617594
-10.474452,99.449916
-12.208722,99.251938
-13.939272,99.023718
-15.665574,98.765327
-17.387104,98.476843
-19.103336,98.158355
-20.813747,97.809958
-22.517817,97.431760
-24.215025,97.023876
-25.904856,96.586430
-27.586794,96.119555
-29.260326,95.623393
-30.924943,95.098096
-32.580138,94.543824
-34.225405,93.960745
-35.860245,93.349038
-37.484159,92.708888
-39.096651,92.040490
-40.697231,91.344049
-42.285411,90.619777
-43.860708,89.867894
-45.422640,89.088629
-46.970733,88.282219
-48.504514,87.448912
-50.023516,86.588959
-51.527277,85.702624
-53.015338,84.790176
-54.487246,83.851893
-55.942552,82.888062
-57.380813,81.898976
-58.801591,80.884936
-60.204453,79.846251
-61.588971,78.783238
-62.954724,77.696221
-64.301295,76.585531
-65.628274,75.451505
-66.935257,74.294491
-68.221845,73.114840
-69.487648,71.912911
-70.732278,70.689072
-71.955356,69.443694
-73.156511,68.177158
-74.335376,66.889849
-75.491591,65.582159
-76.624806,64.254488
-77.734673,62.907238
-78.820856,61.540822
-79.883022,60.155654
-80.920850,58.752158
-81.934021,57.330761
-82.922229,55.891896
-83.885170,54.436001
-84.822553,52.963520
-85.734092,51.474902
-86.619508,49.970599
-87.478532,48.451072
-88.310903,46.916782
-89.116366,45.368197
-89.894677,43.805788
-90.645597,42.230033
-91.368899,40.641411
-92.064362,39.040405
-92.731774,37.427505
-93.370931,35.803200
-93.981640,34.167987
-94.563713,32.522363
-95.116974,30.866831
-95.641254,29.201893
-96.136393,27.528058
-96.602240,25.845835
-97.038654,24.155737
-97.445501,22.458280
-97.822658,20.753979
-98.170009,19.043356
-98.487449,17.326929
-98.774880,15.605224
-99.032217,13.878764
-99.259379,12.148075
-99.456298,10.413684
-99.622914,8.676121
-99.759175,6.935914
-99.865042,5.193594
-99.940480,3.449692
-99.985468,1.704738
-99.999992,-0.040735
-99.984046,-1.786195
-99.937637,-3.531112
-99.860777,-5.274952
-99.753492,-7.017185
-99.615812,-8.757280
-99.447781,-10.494707
-99.249449,-12.228937
-99.020877,-13.959440
-98.762134,-15.685690
-98.473300,-17.407161
-98.154462,-19.123328
-97.805717,-20.833668
-97.427172,-22.537660
-97.018942,-24.234786
-96.581152,-25.924528
-96.113934,-27.606370
-95.617432,-29.279801
-95.091796,-30.944311
-94.537186,-32.599393
-93.953772,-34.244542
-93.341732,-35.879257
-92.701251,-37.503040
-92.032526,-39.115396
-91.335759,-40.715835
-90.611163,-42.303867
-89.858959,-43.879010
-89.079376,-45.440784
-88.272651,-46.988712
-87.439031,-48.522324
-86.578769,-50.041151
-85.692127,-51.544731
-84.779376,-53.032607
-83.840794,-54.504323
-82.876666,-55.959433
-81.887287,-57.397493
-80.872958,-58.818064
-79.833988,-60.220714
-78.770693,-61.605016
-77.683397,-62.970547
-76.572432,-64.316892
-75.438137,-65.643640
-74.280856,-66.950387
-73.100943,-68.236736
-71.898757,-69.502293
-70.674664,-70.746674
-69.429038,-71.969499
-68.162257,-73.170395
-66.874708,-74.348998
-65.566782,-75.504947
-64.238880,-76.637891
-62.891404,-77.747484
-61.524767,-78.833388
-60.139383,-79.895273
-58.735675,-80.932814
-57.314072,-81.945696
-55.875005,-82.933611
-54.418914,-83.896256
-52.946243,-84.833339
-51.457439,-85.744574
-49.952956,-86.629684
-48.433254,-87.488399
-46.898794,-88.320457
-45.350045,-89.125605
-43.787478,-89.903597
-42.211570,-90.654197
-40.622800,-91.377175
-39.021653,-92.072312
-37.408617,-92.739395
-35.784182,-93.378222
-34.148845,-93.988597
-32.503103,-94.570335
-30.847457,-95.123259
-29.182413,-95.647200
-27.508477,-96.141998
-25.826159,-96.607502
-24.135973,-97.043572
-22.438432,-97.450073
-20.734055,-97.826883
-19.023361,-98.173885
-17.306870,-98.490976
-15.585106,-98.778057
-13.858593,-99.035041
-12.127858,-99.261851
-10.393428,-99.458417
-8.655830,-99.624679
-6.915596,-99.760586
-5.173254,-99.866098
-3.429337,-99.941181
-1.684374,-99.985813
0.061102,-99.999981
1.806559,-99.983680
3.551466,-99.936916
5.295291,-99.859701
7.037502,-99.752060
8.777569,-99.614027
10.514962,-99.445641
12.249151,-99.246956
13.979607,-99.018032
15.705805,-98.758937
17.427217,-98.469752
19.143319,-98.150565
20.853588,-97.801472
22.557503,-97.422580
24.254546,-97.014004
25.944198,-96.575870
27.625945,-96.108309
29.299275,-95.611466
30.963678,-95.085491
32.618647,-94.530545
34.263677,-93.946796
35.898267,-93.334422
37.521920,-92.693611
39.134140,-92.024557
40.734436,-91.327464
42.322321,-90.602545
43.897311,-89.850020
45.458926,-89.070119
47.006690,-88.263079
48.540132,-87.429146
50.058784,-86.568575
51.562184,-85.681627
53.049873,-84.768573
54.521398,-83.829691
55.976312,-82.865267
57.414170,-81.875595
58.834535,-80.860977
60.236973,-79.821721
61.621058,-78.758144
62.986368,-77.670570
64.332486,-76.559331
65.659003,-75.424766
66.965515,-74.267219
68.251623,-73.087044
69.516935,-71.884600
70.761067,-70.660254
71.983638,-69.414378
73.184277,-68.147352
74.362617,-66.859563
75.518300,-65.551403
76.650973,-64.223269
77.760292,-62.875568
78.845918,-61.508709
79.907520,-60.123109
80.944775,-58.719190
81.957368,-57.297381
82.944989,-55.858113
83.907338,-54.401826
84.844121,-52.928963
85.755053,-51.439974
86.639856,-49.935311
87.498262,-48.415434
88.330007,-46.880805
89.134839,-45.331892
89.912513,-43.769166
90.662792,-42.193105
91.385447,-40.604188
92.080257,-39.002900
92.747012,-37.389728
93.385508,-35.765163
93.995550,-34.129701
94.576953,-32.483841
95.129540,-30.828082
95.653141,-29.162931
96.147598,-27.488895
96.612760,-25.806482
97.048486,-24.116207
97.454641,-22.418584
97.831104,-20.714130
98.177758,-19.003365
98.494498,-17.286809
98.781229,-15.564987
99.037862,-13.838422
99.264319,-12.107641
99.460532,-10.373170
99.626440,-8.635539
99.761993,-6.895277
99.867149,-5.152914
99.941877,-3.408981
