0,3.3e+08,1,4.7,5.7,
1,3.3e+08,1.30249,4.78175,6.08424,
2,3.3e+08,1.69648,4.88824,6.58471,
3,3.3e+08,2.20964,5.02693,7.23657,
4,3.3e+08,2.87804,5.20758,8.08561,
5,3.3e+08,3.74861,5.44287,9.19148,
6,3.3e+08,4.88253,5.74933,10.6319,
7,3.3e+08,6.35944,6.1485,12.5079,
8,3.3e+08,8.28309,6.6684,14.9515,
9,3.3e+08,10.7886,7.34558,18.1342,
10,3.3e+08,14.0521,8.22759,22.2797,
11,3.3e+08,18.3027,9.3764,27.6791,
12,3.3e+08,23.839,10.8727,34.7118,
13,3.3e+08,31.0501,12.8216,43.8717,
14,3.3e+08,40.4424,15.3601,55.8025,
15,3.3e+08,52.6758,18.6664,71.3422,
16,3.3e+08,68.6096,22.9729,91.5825,
17,3.3e+08,89.3633,28.582,117.945,
18,3.3e+08,116.395,35.8878,152.282,
19,3.3e+08,151.603,45.4035,197.006,
20,3.3e+08,197.461,57.7976,255.259,
21,3.3e+08,257.191,73.9408,331.131,
22,3.3e+08,334.988,94.9671,429.955,
23,3.29999e+08,436.318,122.354,558.671,
24,3.29999e+08,568.299,158.024,726.323,
25,3.29999e+08,740.202,204.485,944.687,
26,3.29999e+08,964.104,264.999,1229.1,
27,3.29998e+08,1255.73,343.818,1599.55,
28,3.29998e+08,1635.58,446.479,2082.06,
29,3.29997e+08,2130.32,580.194,2710.51,
30,3.29996e+08,2774.7,754.355,3529.06,
31,3.29995e+08,3614.01,981.197,4595.2,
32,3.29994e+08,4707.18,1276.65,5983.83,
33,3.29992e+08,6131,1661.48,7792.49,
34,3.2999e+08,7985.49,2162.71,10148.2,
35,3.29987e+08,10400.9,2815.55,13216.5,
36,3.29983e+08,13546.8,3665.86,17212.7,
37,3.29978e+08,17644.3,4773.36,22417.6,
38,3.29971e+08,22980.9,6215.82,29196.7,
39,3.29962e+08,29931.3,8094.56,38025.9,
40,3.2995e+08,38983.5,10541.5,49525,
41,3.29936e+08,50772.6,13728.5,64501.1,
42,3.29916e+08,66125.8,17879.2,84005,
43,3.29891e+08,86119.7,23284.9,109405,
44,3.29858e+08,112156,30325.1,142481,
45,3.29814e+08,146057,39493.5,185551,
46,3.29758e+08,190197,51432.9,241630,
47,3.29685e+08,247660,66980.1,314640,
48,3.2959e+08,322456,87223.5,409680,
49,3.29467e+08,419795,113579,533375,
50,3.29306e+08,546440,147888,694328,
51,3.29096e+08,711157,192544,903701,
52,3.28824e+08,925300,250653,1.17595e+06,
53,3.2847e+08,1.20355e+06,326248,1.52979e+06,
54,3.28011e+08,1.56482e+06,424555,1.98937e+06,
55,3.27414e+08,2.03345e+06,552338,2.58579e+06,
56,3.26641e+08,2.64059e+06,718330,3.35892e+06,
57,3.2564e+08,3.42594e+06,933789,4.35973e+06,
58,3.24347e+08,4.43971e+06,1.21317e+06,5.65288e+06,
59,3.2268e+08,5.74486e+06,1.57494e+06,7.3198e+06,
60,3.20538e+08,7.41936e+06,2.04262e+06,9.46198e+06,
61,3.17796e+08,9.55828e+06,2.64587e+06,1.22041e+07,
62,3.14303e+08,1.2275e+07,3.4218e+06,1.56968e+07,
63,3.09883e+08,1.57009e+07,4.41628e+06,2.01171e+07,
64,3.04333e+08,1.99816e+07,5.68509e+06,2.56667e+07,
65,2.97436e+08,2.52695e+07,7.29474e+06,3.25642e+07,
66,2.88969e+08,3.17086e+07,9.32241e+06,4.1031e+07,
67,2.78733e+08,3.94124e+07,1.18547e+07,5.1267e+07,
68,2.66582e+08,4.84336e+07,1.49842e+07,6.34178e+07,
69,2.52466e+08,5.87298e+07,1.88042e+07,7.7534e+07,
70,2.36468e+08,7.01314e+07,2.34006e+07,9.3532e+07,
71,2.18834e+08,8.23236e+07,2.88419e+07,1.11166e+08,
72,1.99976e+08,9.48544e+07,3.51693e+07,1.30024e+08,
73,1.80439e+08,1.07173e+08,4.23875e+07,1.49561e+08,
74,1.6084e+08,1.18699e+08,5.04608e+07,1.6916e+08,
75,1.41788e+08,1.28899e+08,5.93129e+07,1.88212e+08,
76,1.23809e+08,1.37358e+08,6.88333e+07,2.06191e+08,
77,1.07291e+08,1.43822e+08,7.88877e+07,2.22709e+08,
78,9.24645e+07,1.48206e+08,8.93296e+07,2.37535e+08,
79,7.94148e+07,1.50573e+08,1.00012e+08,2.50585e+08,
80,6.81078e+07,1.51096e+08,1.10796e+08,2.61892e+08,
81,5.84286e+07,1.50013e+08,1.21559e+08,2.71571e+08,
82,5.02156e+07,1.4759e+08,1.32195e+08,2.79784e+08,
83,4.32882e+07,1.44094e+08,1.42618e+08,2.86712e+08,
84,3.74658e+07,1.39774e+08,1.5276e+08,2.92534e+08,
85,3.25799e+07,1.34849e+08,1.62571e+08,2.9742e+08,
86,2.848e+07,1.29506e+08,1.72014e+08,3.0152e+08,
87,2.50353e+07,1.23899e+08,1.81066e+08,3.04965e+08,
88,2.2135e+07,1.18154e+08,1.89711e+08,3.07865e+08,
89,1.96859e+07,1.1237e+08,1.97944e+08,3.10314e+08,
90,1.76108e+07,1.06625e+08,2.05765e+08,3.12389e+08,
91,1.58462e+07,1.00976e+08,2.13178e+08,3.14154e+08,
92,1.43395e+07,9.54674e+07,2.20193e+08,3.15661e+08,
93,1.30479e+07,9.01316e+07,2.26821e+08,3.16952e+08,
94,1.19361e+07,8.49902e+07,2.33074e+08,3.18064e+08,
95,1.09751e+07,8.00579e+07,2.38967e+08,3.19025e+08,
96,1.01412e+07,7.53431e+07,2.44516e+08,3.19859e+08,
97,9.4146e+06,7.08498e+07,2.49736e+08,3.20585e+08,
98,8.77912e+06,6.65785e+07,2.54642e+08,3.21221e+08,
99,8.22127e+06,6.25267e+07,2.59252e+08,3.21779e+08,
100,7.72981e+06,5.86903e+07,2.6358e+08,3.2227e+08,
101,7.29537e+06,5.50633e+07,2.67641e+08,3.22705e+08,
102,6.91009e+06,5.1639e+07,2.71451e+08,3.2309e+08,
103,6.56733e+06,4.84097e+07,2.75023e+08,3.23433e+08,
104,6.26152e+06,4.53674e+07,2.78371e+08,3.23738e+08,
105,5.9879e+06,4.25038e+07,2.81508e+08,3.24012e+08,
106,5.74245e+06,3.98105e+07,2.84447e+08,3.24258e+08,
107,5.5217e+06,3.7279e+07,2.87199e+08,3.24478e+08,
108,5.32272e+06,3.4901e+07,2.89776e+08,3.24677e+08,
109,5.14295e+06,3.26684e+07,2.92189e+08,3.24857e+08,
110,4.9802e+06,3.05733e+07,2.94446e+08,3.2502e+08,
111,4.83256e+06,2.86081e+07,2.96559e+08,3.25167e+08,
112,4.6984e+06,2.67653e+07,2.98536e+08,3.25302e+08,
113,4.57625e+06,2.5038e+07,3.00386e+08,3.25424e+08,
114,4.46487e+06,2.34194e+07,3.02116e+08,3.25535e+08,
115,4.36316e+06,2.19031e+07,3.03734e+08,3.25637e+08,
116,4.27013e+06,2.04829e+07,3.05247e+08,3.2573e+08,
117,4.18493e+06,1.9153e+07,3.06662e+08,3.25815e+08,
118,4.10681e+06,1.7908e+07,3.07985e+08,3.25893e+08,
119,4.03508e+06,1.67427e+07,3.09222e+08,3.25965e+08,
120,3.96916e+06,1.56521e+07,3.10379e+08,3.26031e+08,
121,3.90851e+06,1.46316e+07,3.1146e+08,3.26091e+08,
122,3.85266e+06,1.36768e+07,3.12471e+08,3.26147e+08,
123,3.80117e+06,1.27836e+07,3.13415e+08,3.26199e+08,
124,3.75367e+06,1.19482e+07,3.14298e+08,3.26246e+08,
125,3.70981e+06,1.11668e+07,3.15123e+08,3.2629e+08,
126,3.66928e+06,1.04361e+07,3.15895e+08,3.26331e+08,
127,3.63181e+06,9.75281e+06,3.16615e+08,3.26368e+08,
128,3.59713e+06,9.11393e+06,3.17289e+08,3.26403e+08,
129,3.56503e+06,8.51661e+06,3.17918e+08,3.26435e+08,
130,3.53529e+06,7.95818e+06,3.18507e+08,3.26465e+08,
131,3.50773e+06,7.43616e+06,3.19056e+08,3.26492e+08,
132,3.48217e+06,6.94819e+06,3.1957e+08,3.26518e+08,
133,3.45845e+06,6.49208e+06,3.20049e+08,3.26542e+08,
134,3.43644e+06,6.06577e+06,3.20498e+08,3.26564e+08,
135,3.416e+06,5.66733e+06,3.20917e+08,3.26584e+08,
136,3.39701e+06,5.29496e+06,3.21308e+08,3.26603e+08,
137,3.37937e+06,4.94696e+06,3.21674e+08,3.26621e+08,
138,3.36297e+06,4.62175e+06,3.22015e+08,3.26637e+08,
139,3.34771e+06,4.31786e+06,3.22334e+08,3.26652e+08,
140,3.33353e+06,4.03388e+06,3.22633e+08,3.26666e+08,
141,3.32033e+06,3.76853e+06,3.22911e+08,3.2668e+08,
142,3.30805e+06,3.52059e+06,3.23171e+08,3.26692e+08,
143,3.29661e+06,3.28892e+06,3.23414e+08,3.26703e+08,
144,3.28597e+06,3.07246e+06,3.23642e+08,3.26714e+08,
145,3.27605e+06,2.87022e+06,3.23854e+08,3.26724e+08,
146,3.26682e+06,2.68126e+06,3.24052e+08,3.26733e+08,
147,3.25821e+06,2.50472e+06,3.24237e+08,3.26742e+08,
148,3.2502e+06,2.33979e+06,3.2441e+08,3.2675e+08,
149,3.24273e+06,2.18569e+06,3.24572e+08,3.26757e+08,
150,3.23577e+06,2.04174e+06,3.24723e+08,3.26764e+08,
151,3.22928e+06,1.90725e+06,3.24863e+08,3.26771e+08,
152,3.22322e+06,1.7816e+06,3.24995e+08,3.26777e+08,
153,3.21758e+06,1.66423e+06,3.25118e+08,3.26782e+08,
154,3.21232e+06,1.55458e+06,3.25233e+08,3.26788e+08,
155,3.20741e+06,1.45214e+06,3.2534e+08,3.26793e+08,
156,3.20284e+06,1.35645e+06,3.25441e+08,3.26797e+08,
157,3.19857e+06,1.26706e+06,3.25534e+08,3.26801e+08,
158,3.19458e+06,1.18356e+06,3.25622e+08,3.26805e+08,
159,3.19087e+06,1.10555e+06,3.25704e+08,3.26809e+08,
160,3.1874e+06,1.03268e+06,3.2578e+08,3.26813e+08,
161,3.18416e+06,964612,3.25851e+08,3.26816e+08,
162,3.18115e+06,901027,3.25918e+08,3.26819e+08,
163,3.17833e+06,841631,3.2598e+08,3.26822e+08,
164,3.1757e+06,786148,3.26038e+08,3.26824e+08,
165,3.17324e+06,734320,3.26092e+08,3.26827e+08,
166,3.17095e+06,685908,3.26143e+08,3.26829e+08,
167,3.16882e+06,640686,3.26191e+08,3.26831e+08,
168,3.16682e+06,598445,3.26235e+08,3.26833e+08,
169,3.16496e+06,558987,3.26276e+08,3.26835e+08,
170,3.16322e+06,522130,3.26315e+08,3.26837e+08,
171,3.16159e+06,487702,3.26351e+08,3.26838e+08,
172,3.16008e+06,455544,3.26384e+08,3.2684e+08,
173,3.15866e+06,425505,3.26416e+08,3.26841e+08,
174,3.15734e+06,397447,3.26445e+08,3.26843e+08,
175,3.15611e+06,371238,3.26473e+08,3.26844e+08,
176,3.15495e+06,346758,3.26498e+08,3.26845e+08,
177,3.15388e+06,323891,3.26522e+08,3.26846e+08,
178,3.15287e+06,302532,3.26545e+08,3.26847e+08,
179,3.15194e+06,282581,3.26565e+08,3.26848e+08,
180,3.15106e+06,263945,3.26585e+08,3.26849e+08,
181,3.15024e+06,246539,3.26603e+08,3.2685e+08,
182,3.14948e+06,230280,3.2662e+08,3.26851e+08,
183,3.14877e+06,215093,3.26636e+08,3.26851e+08,
184,3.1481e+06,200907,3.26651e+08,3.26852e+08,
185,3.14748e+06,187657,3.26665e+08,3.26853e+08,
186,3.1469e+06,175281,3.26678e+08,3.26853e+08,
187,3.14636e+06,163721,3.2669e+08,3.26854e+08,
188,3.14585e+06,152923,3.26701e+08,3.26854e+08,
189,3.14538e+06,142837,3.26712e+08,3.26855e+08,
190,3.14493e+06,133417,3.26722e+08,3.26855e+08,
191,3.14452e+06,124617,3.26731e+08,3.26855e+08,
192,3.14414e+06,116398,3.26739e+08,3.26856e+08,
193,3.14378e+06,108721,3.26748e+08,3.26856e+08,
194,3.14344e+06,101551,3.26755e+08,3.26857e+08,
195,3.14313e+06,94852.9,3.26762e+08,3.26857e+08,
196,3.14283e+06,88596.8,3.26769e+08,3.26857e+08,
197,3.14256e+06,82753.4,3.26775e+08,3.26857e+08,
198,3.1423e+06,77295.3,3.2678e+08,3.26858e+08,
199,3.14206e+06,72197.2,3.26786e+08,3.26858e+08,
200,3.14184e+06,67435.3,3.26791e+08,3.26858e+08,
201,3.14163e+06,62987.5,3.26795e+08,3.26858e+08,
202,3.14144e+06,58833.1,3.268e+08,3.26859e+08,
203,3.14126e+06,54952.6,3.26804e+08,3.26859e+08,
204,3.14109e+06,51328.1,3.26808e+08,3.26859e+08,
205,3.14093e+06,47942.6,3.26811e+08,3.26859e+08,
206,3.14078e+06,44780.4,3.26814e+08,3.26859e+08,
207,3.14064e+06,41826.8,3.26818e+08,3.26859e+08,
208,3.14051e+06,39068,3.2682e+08,3.26859e+08,
209,3.14039e+06,36491.2,3.26823e+08,3.2686e+08,
210,3.14028e+06,34084.3,3.26826e+08,3.2686e+08,
211,3.14017e+06,31836.2,3.26828e+08,3.2686e+08,
212,3.14008e+06,29736.3,3.2683e+08,3.2686e+08,
213,3.13998e+06,27775,3.26832e+08,3.2686e+08,
214,3.1399e+06,25943,3.26834e+08,3.2686e+08,
215,3.13982e+06,24231.8,3.26836e+08,3.2686e+08,
216,3.13974e+06,22633.5,3.26838e+08,3.2686e+08,
217,3.13967e+06,21140.6,3.26839e+08,3.2686e+08,
218,3.13961e+06,19746.2,3.26841e+08,3.2686e+08,
219,3.13955e+06,18443.8,3.26842e+08,3.2686e+08,
220,3.13949e+06,17227.3,3.26843e+08,3.26861e+08,
221,3.13944e+06,16091,3.26844e+08,3.26861e+08,
222,3.13939e+06,15029.6,3.26846e+08,3.26861e+08,
223,3.13934e+06,14038.3,3.26847e+08,3.26861e+08,
224,3.1393e+06,13112.3,3.26848e+08,3.26861e+08,
225,3.13926e+06,12247.5,3.26848e+08,3.26861e+08,
226,3.13922e+06,11439.6,3.26849e+08,3.26861e+08,
227,3.13918e+06,10685.1,3.2685e+08,3.26861e+08,
228,3.13915e+06,9980.31,3.26851e+08,3.26861e+08,
229,3.13912e+06,9322.02,3.26852e+08,3.26861e+08,
230,3.13909e+06,8707.15,3.26852e+08,3.26861e+08,
231,3.13907e+06,8132.83,3.26853e+08,3.26861e+08,
232,3.13904e+06,7596.4,3.26853e+08,3.26861e+08,
233,3.13902e+06,7095.34,3.26854e+08,3.26861e+08,
234,3.13899e+06,6627.34,3.26854e+08,3.26861e+08,
235,3.13897e+06,6190.21,3.26855e+08,3.26861e+08,
236,3.13896e+06,5781.9,3.26855e+08,3.26861e+08,
237,3.13894e+06,5400.53,3.26856e+08,3.26861e+08,
238,3.13892e+06,5044.32,3.26856e+08,3.26861e+08,
239,3.1389e+06,4711.6,3.26856e+08,3.26861e+08,
240,3.13889e+06,4400.82,3.26857e+08,3.26861e+08,
240,3.13889e+06,4400.82,3.26857e+08,3.26861e+08,
