2 10 9 30 0  modelDimension, Number of Nodes, Number of Elements, Total DOF, KFLAG(cartesian) 
1 3 0.000000e+00 0.000000e+00 0.000000e+00 node 1
2 3 1.111111e-04 0.000000e+00 0.000000e+00 node 2
3 3 2.222222e-04 0.000000e+00 0.000000e+00 node 3
4 3 3.333333e-04 0.000000e+00 0.000000e+00 node 4
5 3 4.444444e-04 0.000000e+00 0.000000e+00 node 5
6 3 5.555556e-04 0.000000e+00 0.000000e+00 node 6
7 3 6.666667e-04 0.000000e+00 0.000000e+00 node 7
8 3 7.777778e-04 0.000000e+00 0.000000e+00 node 8
9 3 8.888889e-04 0.000000e+00 0.000000e+00 node 9
10 3 1.000000e-03 0.000000e+00 0.000000e+00 node 10
1 13 element 1
1 2
2 13 element 2
2 3
3 13 element 3
3 4
4 13 element 4
4 5
5 13 element 5
5 6
6 13 element 6
6 7
7 13 element 7
7 8
8 13 element 8
8 9
9 13 element 9
9 10
